"x"
0.125
0.291666666666667
3.91666666666667
1.16666666666667
0.208333333333333
2.95833333333333
0.791666666666668
8.95833333333333
4.58333333333333
6.25
0.625
3.375
2.79166666666666
2.70833333333334
1.45833333333334
0.5
1.83333333333333
1.125
2.20833333333334
3.58333333333334
7.41666666666666
0.291666666666664
0.75
5.29166666666666
2.04166666666667
0.958333333333329
2.66666666666667
1
0.0833333333333286
1.95833333333334
3.875
0.791666666666657
0.0416666666666714
5.79166666666667
3.875
0.583333333333329
3.125
2.54166666666667
0.5
2.83333333333333
1.83333333333333
1.625
0.625
7.5
6.25
4.125
2.125
1.66666666666667
4.41666666666667
1.37499999999999
7.375
0.0833333333333428
1.45833333333334
0.333333333333314
1.08333333333334
6.625
0.875
7.625
0.916666666666657
1.33333333333334
7.875
2.625
2
7.29166666666666
0.166666666666686
4.79166666666666
0.583333333333343
0.958333333333314
6.5
1.45833333333334
0.458333333333343
3
5.45833333333331
3.75
1.45833333333334
0.291666666666657
0.25
0.208333333333343
2.25
7.83333333333334
0.958333333333314
3.45833333333334
14.6666666666667
1.70833333333334
0
3.625
1.45833333333334
2.66666666666666
2
3.25
1.04166666666666
0.0416666666666856
0.0416666666666572
4.58333333333334
0.0833333333333144
0.75
1.20833333333334
0.666666666666686
1.29166666666663
1.75
3.54166666666669
3.29166666666669
2.70833333333331
0.0833333333333144
0.791666666666686
2.16666666666669
3.25
1.875
1.04166666666663
2.04166666666669
1.45833333333331
2.125
1.25
1.41666666666669
0.125
1.54166666666669
1.125
3.29166666666663
5.66666666666669
6.5
1
11
9.54166666666669
0.5
0.75
4.79166666666663
